4143
6835
4918
1774
4545
9776
7
2162
3914
5244
9221
5640
9775
2341
6681
4370
6059
6064
4138
9579
1860
811
3215
2426
3897
3343
8643
4906
2823
5394
4883
2094
1089
6043
3214
6236
5463
4986
4739
9291
6486
8280
1014
5098
9488
3138
8947
2188
2045
1347
7541
6142
179
4710
7321
6816
49
1572
5848
7300
1188
3720
3728
7610
3833
5416
67
2537
3403
2532
7039
2387
8710
2040
9969
5109
5331
6286
5424
5901
5357
7584
1910
3479
424
4743
87
3319
5436
518
5134
8997
7027
94
1266
2920
3417
1386
6058
6300
3159
5619
8669
4894
9172
7257
107
2006
109
3340
2791
1951
8538
722
4286
8646
9018
3551
119
168
6862
1217
2776
6988
7022
8333
127
7012
3046
130
5023
9844
6598
5983
1933
3474
8116
2164
1972
9117
3177
1736
443
9071
9082
3171
147
6087
9
4300
2311
952
153
9481
7600
7449
3298
6821
8458
7686
161
7563
163
4825
7982
9745
3954
3596
9484
1652
6342
3025
5617
4227
7499
3528
4273
178
9496
2596
6361
892
587
7167
825
1086
1277
7204
8875
150
7018
192
9299
2605
4115
4073
197
5673
371
7173
7963
4131
7078
8416
9309
8405
492
9050
7228
740
4853
5644
4991
8955
2844
216
485
5169
8943
3349
5248
5036
1138
224
225
4418
5780
9706
6010
276
4585
5932
5723
3812
9840
5008
3706
238
5693
4502
365
8515
7169
2219
245
2236
6925
5737
9970
250
4305
5335
253
9826
1221
6526
1389
326
2486
3399
3835
290
7246
5587
1678
7223
5731
268
8078
9591
8570
814
6334
3235
1121
7944
3742
6694
609
280
281
5992
5345
11
6957
1889
4752
713
4899
1215
3608
5492
8608
287
8881
8426
5504
8191
865
6947
7504
2104
4778
1205
7243
306
4148
3047
8424
8513
6447
4467
4930
9920
2078
4391
583
5855
7011
8252
6849
3128
323
2327
7232
5474
684
328
329
71
8793
4524
6391
2797
6177
7648
497
3173
6450
340
5060
7701
1061
344
7074
346
5652
763
5193
8864
1359
669
9919
5186
8900
8444
3004
7291
3917
8464
7819
362
9594
5118
2998
366
4005
3207
369
7849
1837
4327
8088
9634
3783
3139
2049
6100
7974
1142
4724
3631
383
4914
5467
6726
387
4692
6930
3195
1811
2481
393
394
5913
6536
8665
7217
8162
6632
4560
6952
403
1952
5428
7969
2967
472
5852
5658
7028
7909
413
1026
8184
3065
417
2146
1834
709
1367
7208
3531
6662
9509
5917
4774
1296
2761
4803
7970
7764
6439
418
1341
6966
3187
2902
3985
6802
5070
1925
3259
2182
8619
644
342
4965
449
8067
8564
6318
3446
3738
5735
8629
2988
1672
5740
2125
461
9877
463
8762
1207
1540
886
3977
7511
5998
6912
4635
1603
2851
9967
3663
9321
2741
9647
8106
5872
9664
4937
8403
494
5601
4511
488
3973
2868
7881
2835
493
3589
2128
1980
55
7252
1915
500
8579
3944
7844
504
505
6631
305
4366
509
4270
511
2856
2562
1664
5882
4214
517
6110
2272
1399
521
5604
523
1309
9993
3271
527
2557
529
6067
9789
508
5890
5330
571
4514
8956
538
8031
6319
8894
7112
832
4320
671
6288
8666
7259
5429
6123
7623
8924
2521
1063
7212
1787
9670
2169
4206
3067
229
9724
563
5582
9495
566
6386
6527
5521
2202
4420
4151
2351
6864
6918
7807
8851
578
2210
580
581
8925
9807
4223
585
2977
5857
6518
1002
8091
591
2160
3164
8495
8382
1668
4890
8241
3252
1499
601
3394
823
547
6398
739
3658
608
5687
1056
1175
612
974
854
1314
9305
617
618
8271
620
9535
622
8083
5253
4673
626
9660
3583
646
9854
5318
2213
8460
634
6827
636
7824
3713
639
3942
5611
5499
8207
6154
4843
3184
7746
1455
2586
650
2408
15
4346
7060
6749
2534
4736
249
8158
8561
5131
5616
3135
6017
5936
4432
667
331
4309
7201
6399
6155
5292
8812
4245
9960
730
5142
679
8420
2422
7822
5965
6461
5833
972
3202
2009
4719
5889
7455
7713
7337
7510
1090
4619
2262
8331
5972
3322
701
6263
5310
5205
4039
4460
999
5704
1549
710
3955
6554
3867
6034
4127
2767
3622
5714
9391
3619
5542
7656
8243
611
1863
9690
4744
4889
5137
1610
3080
732
4359
438
6140
8264
737
6555
2386
210
4317
742
743
7514
4898
416
747
8461
9219
9347
3381
7120
5034
8688
2942
3956
1159
5684
7454
668
5985
1092
6183
764
4295
3024
9235
4335
4116
4954
8340
54
4474
774
775
7121
9707
778
8536
196
781
782
7388
4154
2671
786
8101
9618
4517
790
6323
935
793
434
1502
9968
1124
2564
799
4406
5614
4972
6517
4334
5353
4231
2965
1376
4
235
22
8493
6291
272
4576
4316
719
3086
8835
1817
9294
5222
4974
2391
7534
826
827
2173
1999
4595
3368
9041
8764
834
1254
836
7869
757
2119
6561
6590
8625
5406
4319
6861
7921
5047
7751
4060
1920
851
9976
5516
1703
5568
1874
260
2114
859
9269
7895
6658
9207
864
6003
866
966
7268
869
1839
9272
4665
7287
8528
1198
4395
877
7774
879
1297
881
7621
4845
8111
1272
2509
7552
3387
889
964
3842
208
893
5381
7026
3055
897
7473
2012
9995
2649
1799
903
7679
399
4183
4666
4122
909
7535
878
6959
3041
914
915
4438
6018
9409
919
5739
1587
8102
5776
4562
6298
4419
8112
928
8475
930
6417
932
6922
6820
4170
8828
7164
3750
5642
940
9119
5377
943
944
4429
2815
947
8752
6752
1085
951
152
5282
4631
7476
8245
957
160
9940
9184
5314
9540
817
5502
1269
2485
1622
8510
275
6519
597
3100
9950
9740
4799
4255
2457
5254
5630
9662
981
982
7411
9565
5991
5560
1635
988
989
3593
9761
5274
3358
2999
9788
9722
5709
7209
9702
6031
7651
7360
6719
1842
2566
5977
9865
586
6751
1010
1477
1012
5578
5999
2032
641
1017
4527
5152
348
540
7613
8923
6077
5370
6260
8737
6305
2296
4339
6127
734
9543
1786
2028
9232
6660
8064
6559
2811
4884
8013
4733
1938
2115
9994
4792
1048
6423
4530
7477
7073
1053
1054
5970
3021
4350
8585
2940
3768
1606
1653
313
7376
7839
1955
7487
7924
9781
8454
5490
3811
1073
9380
4717
5256
1077
1078
1079
5136
2052
3912
8751
8038
2243
7141
1895
1088
906
8641
1091
7964
596
4462
6022
1096
3876
2552
1847
5024
1101
1336
3599
9150
9109
917
1107
8781
4103
6981
3688
1112
9455
1114
1115
1116
792
3905
19
2180
2730
6028
6372
5216
9803
1126
2429
9901
1129
8429
7789
3794
2102
9843
2991
4216
1137
637
2657
465
3760
1155
4193
1144
3364
1146
4901
1148
4814
1150
3208
1152
5752
1473
459
6036
1430
8217
3518
1648
5847
8030
2403
6976
1546
1166
6246
8745
5409
5342
7137
1172
7720
773
2784
4737
7368
3116
1532
6670
392
6186
1183
1184
1185
7721
1187
6133
1582
1190
5272
9912
1193
4596
9964
5389
6312
1519
2522
8093
4189
1202
3729
420
9179
1206
6247
1962
7711
7111
1211
1212
1213
6695
8704
4704
8761
795
5086
2861
1083
4794
9059
2604
2205
9938
9679
7377
8361
8114
6103
1232
2615
4976
7872
320
357
1238
7297
297
9169
1242
6480
8124
9790
1854
1772
1397
1249
5072
3264
8592
8505
8332
2355
1256
9832
8602
1118
844
2261
1262
2951
5530
5829
4043
2074
6973
9730
1270
8957
3374
3398
1274
4010
8702
4261
4390
9306
1769
4294
6430
1739
874
1878
7314
2425
7148
1289
8687
440
1292
1293
3502
7879
3855
7047
3483
3979
5938
3627
4893
5298
5497
2001
5301
8887
4761
3613
6283
5421
4376
8163
7333
1094
1316
1317
1318
8786
6368
2269
1139
1361
1324
657
1326
3650
749
2746
1330
1331
8539
1620
615
6048
2589
6757
3248
1339
7021
728
6911
2672
4232
8132
2470
3009
7792
1349
1350
9415
5093
1353
8473
3069
8226
697
1358
1478
35
1555
2916
1123
9687
1365
1366
9889
4020
8257
3694
9894
8491
8803
6874
5580
9300
4682
1378
1127
1380
1381
1382
1383
9675
8322
5990
8060
8758
558
887
3238
9130
5676
9362
2133
8489
5261
6568
108
1400
1401
8559
7975
6042
1749
1406
6993
8
8480
1943
8999
8396
7006
3172
8932
8586
5906
6647
2490
9911
5182
6047
8938
2740
3555
3051
8113
9185
2360
5359
1431
6353
402
3991
8557
5756
8357
3616
6309
13
6842
1044
6170
2010
6176
9792
1447
6522
689
829
2939
375
3450
5013
1372
1456
1189
3035
5500
1460
5554
6906
1463
5388
1465
3445
1220
7549
2594
9446
584
2908
7467
4296
8337
6261
7926
8612
4338
9868
1481
9913
6828
4006
7094
2086
1487
5733
1373
9572
6908
3708
5155
3370
1659
3344
5732
1498
7322
9144
569
4108
7894
2543
1505
1506
5531
4163
1509
1471
1511
1512
3256
885
3323
1516
950
1518
4360
1520
4188
5921
1523
4058
3155
4830
7705
1528
6877
5649
1531
1030
9972
7995
1535
1536
3097
1538
1539
7858
1541
5850
6221
3414
4716
7216
9708
724
7069
1550
1295
1552
9212
2035
9989
9396
2087
9623
3490
8869
5902
3071
5317
1564
576
9348
1567
1568
1514
2415
4678
8624
1573
2406
9524
6339
8909
1789
3424
6375
1581
7184
2381
813
1585
3470
2909
8778
9245
9892
1591
1592
3053
2321
1595
5807
1597
1437
5284
5636
3533
9503
3530
6777
9521
1016
678
9746
1665
2309
5178
7747
1777
995
251
1785
3198
8814
4895
7608
8178
1758
4055
7953
7007
4759
8448
4773
9088
1630
7629
8029
9847
9641
1605
2259
8837
4600
3251
2357
2745
4249
9654
1644
1645
1646
1346
4564
1047
7409
5194
226
7773
3636
9944
4150
3013
7788
1495
5368
5018
1814
2095
514
7937
2700
2232
436
476
4848
1671
1273
6373
4979
9145
9258
6315
1204
1679
270
4213
8800
8274
3986
3192
1721
9134
6824
3471
135
664
2057
1693
215
9459
9057
5953
1236
9090
3040
291
1702
307
557
427
3913
1065
3126
8892
592
1711
1239
8150
9683
3849
9896
2000
1718
1719
1720
2374
156
2020
9548
2869
9214
1727
6114
8081
5258
6275
1732
1733
9093
8972
142
5180
6367
1618
2276
4135
5567
8874
5157
2653
9587
7852
8076
1407
2580
4908
2047
6403
7227
8204
5081
1757
8705
1759
8700
2723
3774
9624
2238
6703
5621
6481
2508
4819
1770
945
5340
1773
1117
8159
373
3866
1778
1580
7619
8253
3049
7634
1387
2071
6781
9284
5638
916
1087
3744
1963
8533
1884
3308
1907
7543
9982
499
9244
8161
1802
1803
1804
1805
3542
4942
6213
787
1810
7187
1812
5498
1315
4472
8499
202
8918
1819
4276
7418
1019
1823
5503
7620
2533
6901
9327
7616
7029
1831
1832
2665
6333
7603
3980
5374
6928
1391
6094
8819
1225
3851
7906
6728
185
2804
6508
4676
7098
4274
2056
3605
1655
1855
2987
6381
2217
174
1798
8516
5200
662
356
7002
2018
693
4933
1869
4196
10
337
1351
733
1875
4224
2148
2912
7479
5045
6961
7277
8985
9273
6845
1886
1261
2664
6779
3746
1417
7989
4742
4873
5058
1696
1356
8597
7414
2611
5512
1902
5177
1904
2633
6330
9953
242
37
5143
1911
7326
1913
5944
2431
3890
2904
1918
1919
5949
1360
1782
8748
1924
8715
3283
7592
910
4920
8474
6145
3183
6551
6580
6444
1936
8966
2389
1939
1940
1941
2253
1244
6055
1945
986
2235
1877
1022
1950
4555
4809
5378
7003
5725
3492
6041
1958
5016
6938
3108
1145
4573
9143
8002
7126
6630
8976
8200
2597
6507
4862
1537
6648
3440
2583
3910
9277
8535
9936
9609
7537
1983
2859
165
45
8194
1071
3473
3765
1991
1992
6294
7067
5919
3949
1989
6341
9601
1762
1305
8209
3168
2004
758
2134
376
471
8330
7387
6753
9265
3568
255
2493
2016
8990
1614
9665
6563
7076
2022
2023
4104
2025
4132
464
4314
2029
422
4967
9048
3109
5285
759
9709
2492
3801
6871
7439
5677
3714
8770
4931
8942
2891
8905
4957
3270
2150
6137
66
7200
3346
7419
7891
5618
5296
2059
199
1176
8094
8749
9684
8856
5307
5017
1781
6122
3848
2310
2072
5471
624
4119
4961
2077
9661
2142
2080
5827
455
2083
2084
2085
6422
5979
9640
9555
5539
3861
7605
1291
7485
9506
7823
7782
9777
8108
2382
2101
6108
2103
7765
2105
9988
1982
5564
8300
2110
1337
2112
8845
1362
1476
8986
2117
2946
8676
4285
1824
6661
2123
9241
5311
6994
2127
941
519
4063
2300
8287
8677
7596
3362
6850
6721
5625
3649
4777
5160
8270
1435
8237
8921
4194
2147
8635
9593
5706
9394
837
7428
4400
1617
7070
4109
2158
1051
7917
7385
3437
5312
9744
9227
2166
4681
2168
8611
3103
3939
2172
2471
8497
8743
2176
3018
958
6302
7234
8908
8617
6542
8879
6499
7513
6456
4648
2809
2190
1308
3141
4770
4422
5958
5692
744
2198
9046
794
992
5713
4786
2858
9051
2442
8992
2208
973
5489
8130
8073
632
6228
2215
9808
5870
5555
3350
2220
2808
9112
3575
7256
2225
6853
2227
6434
4378
3691
8047
3945
143
1288
7323
246
4532
7742
3334
7847
6540
8137
899
3716
3880
8318
2247
707
8967
5792
5087
555
4147
8556
4756
2256
2257
3148
2623
8278
8443
8364
5771
2929
3909
2266
7211
4252
8931
4457
6470
5566
5698
2274
2477
765
2277
9189
3515
3431
8198
8862
1467
2284
6711
4501
5148
2288
4605
9801
9062
7695
3894
6201
1454
542
7059
2298
9882
4386
1566
2568
2303
2819
5348
6388
8703
4272
9345
3038
146
4988
1560
8632
8600
2316
2317
3190
8391
5724
1032
3998
7888
3776
1935
140
7911
9197
7542
9376
2331
9946
9342
4336
1947
2185
9592
9240
2151
9887
8457
8027
2893
354
607
2682
6124
8933
5834
2350
8850
530
7478
2354
7315
302
1338
6713
6771
9138
5363
2362
2436
9328
5267
9546
2903
2171
1742
6614
2371
7582
8269
9304
7253
1203
8634
322
853
8664
7661
100
7645
31
5557
3125
4745
2388
8667
2159
2715
1650
7808
656
1109
289
6715
9121
2399
3093
8044
2584
3464
2404
9230
1574
9329
5656
791
2075
2411
2747
2440
2462
53
543
4788
5690
8479
3519
1134
8642
9508
2933
4624
24
2813
8860
5069
7684
6121
2432
9689
7843
5218
4146
8802
2438
309
3079
5945
8522
8409
2444
5967
2446
4045
714
2449
7000
2451
6474
3436
3122
8434
5221
4958
5775
2459
3318
8118
1987
480
4012
9220
2466
2467
1756
7245
8919
3509
6716
3451
4660
3307
1060
2209
2923
2479
1865
4187
2482
9680
2014
6329
4461
2487
9999
994
1419
7955
2037
4013
8779
1914
4220
2889
942
5475
4956
2501
1067
812
630
2505
2506
4180
9149
3262
2510
4171
2512
1035
2514
8767
8303
5460
2518
3628
4785
6512
8654
378
9583
172
4577
2527
2528
2609
3001
345
6102
1826
8049
2535
2697
8685
2538
3659
2540
7796
2601
2034
3327
2748
4856
5422
3818
2986
752
5749
3617
8215
3684
6904
4936
2062
7422
2021
2560
9727
9438
9621
7143
74
963
4279
6141
6894
5896
2571
9992
2613
712
7019
2576
7892
3517
2204
7898
9449
8309
1976
5911
3339
6884
2587
2588
8193
4299
9447
2950
3965
2773
6815
7526
3657
9353
2599
2921
2542
6889
319
4781
9454
83
7077
3983
2332
2610
6789
6891
2930
2177
1977
2678
3520
6346
3023
4640
627
6136
6056
2624
3028
2626
9716
7811
6049
5647
4004
2632
6158
4796
4804
2636
3260
7752
8142
2640
7884
1883
7366
5053
3858
2646
5631
2648
4128
6813
1526
428
351
2189
8575
3088
3911
3090
8349
1705
7585
8583
6215
4695
7547
3219
2667
2324
2370
4607
1783
8353
2673
2674
2675
4544
2063
7519
5861
1922
5162
8037
4351
2684
2685
9987
4842
8455
8249
751
1450
2402
8133
2694
9027
70
6001
1321
2699
1554
5987
1754
2703
4275
2705
2706
4905
6553
4106
8069
6095
7079
962
2714
9073
8295
2717
2990
6452
4322
435
3859
7745
1307
5772
9303
8077
5066
3390
1796
5729
3176
9193
2734
4022
7813
2737
7135
5659
1424
2827
2742
2263
8051
1961
7518
2957
2545
4584
1994
1723
6718
6174
8747
2755
7093
2757
9552
2044
8651
258
2654
3204
8397
9424
2230
9290
1775
9280
2329
5003
1868
3484
5373
7905
123
3296
8562
2779
8795
9767
1344
7161
8369
8996
2786
4266
7828
2789
8472
685
2792
3365
4126
5535
2820
8681
1995
9611
2555
4753
9613
9586
4341
1965
1250
5395
8728
4948
3595
7348
158
2679
3889
7539
7914
2497
6972
4284
7186
6207
5054
3432
2824
5869
2507
6128
735
410
4869
6407
2448
195
9616
9432
1093
9313
2838
8508
9933
8644
2416
1245
9925
3478
5682
1675
6107
6214
314
2031
6910
2211
7735
2855
9384
545
4415
3799
953
3564
6292
6510
6104
4027
6764
8242
4325
7697
8547
2871
2872
9020
7108
3017
88
6734
1080
1682
2729
7416
7877
256
4023
1352
7113
6320
929
9074
5361
1967
2554
5513
4184
6132
4611
4100
9465
2878
5893
7889
4831
4872
2456
4520
4715
8722
8400
7303
6279
8087
1685
619
7957
1730
4768
2917
3976
5175
4950
4528
75
666
2924
3576
8141
6427
9556
9332
1892
2931
2932
2206
2926
9011
9646
821
2938
8470
1
7258
1848
2375
2944
2945
4225
6420
3844
602
7136
2452
1589
5028
8341
1416
6893
3406
8674
8040
5671
861
7415
7404
1862
5401
6488
5544
4542
5441
9766
4487
5816
4859
2974
9927
469
8524
3920
9806
694
9468
6937
2983
4436
7674
6723
4553
8355
2752
5545
7355
9171
9054
9236
6924
980
2854
241
531
3000
5908
201
9142
6997
9739
6203
4674
9133
2846
9485
6869
3012
1657
7775
2079
2024
9823
209
9649
3020
4080
8870
6490
5249
779
8211
6776
8058
5183
1340
7640
6197
9780
3034
7324
822
7680
755
6689
9504
1637
3043
918
6416
3045
4392
4583
8520
2817
5579
62
3052
3780
572
8224
7096
796
3058
3059
7743
8056
3429
3057
7100
9799
7876
7653
4450
5443
7588
3571
496
2126
3995
25
3076
6921
76
5925
567
8363
3082
3083
5005
1957
3380
3087
141
2960
6441
6148
3092
7677
3094
3095
3096
7667
4701
3802
2249
3101
8899
9086
3860
1973
1396
6982
9729
157
8414
5106
3112
3850
9389
3115
3209
3117
3118
5392
9395
6533
3422
3123
7350
4312
2273
3147
1640
3129
8543
3500
3361
2890
7668
961
8689
8545
3149
9346
4134
3836
5408
4629
4007
7197
5826
8389
7082
3621
2692
9113
1392
3805
6737
4102
124
3336
4342
698
8234
6962
7354
3665
5510
3165
1525
4313
3232
3169
9527
3646
9317
9437
3174
3567
780
5076
7351
2435
9530
1252
3309
5968
6637
2264
3186
3213
8926
535
9035
7194
3827
223
7349
2420
3196
8239
2876
1462
1745
2758
97
2195
9570
1327
6438
9296
8440
2973
5121
8218
3212
5176
9196
6616
9582
7580
3891
1423
6944
6768
3482
3223
7363
4654
3132
6451
2910
110
2625
3231
2963
3233
9923
8852
987
3724
8614
8940
3240
3241
4401
4795
5033
9932
6205
7155
5167
5139
1393
5434
3286
299
5715
8176
4838
9359
8822
1562
310
7369
352
5864
5613
8783
4871
8372
5366
3269
4827
6159
3396
7951
1750
6449
3276
7758
7412
3279
9351
3281
137
390
5135
7306
4303
8296
5341
1036
1167
3150
2756
423
5270
640
4046
1713
2335
6811
1453
3301
8742
2002
3916
2496
6175
9829
894
8591
6786
9822
4707
4996
9534
3246
1577
3715
2427
4741
1780
5214
700
9577
4264
6322
1046
1656
3328
6277
3673
7759
3642
512
5799
2295
9991
3337
9539
6646
2194
3699
3342
3
5761
1028
7474
4817
2051
771
5784
4428
1039
6578
4026
8352
3356
5683
5546
3359
2291
2061
7446
3363
8160
3919
7935
9216
3597
478
3702
5959
9737
8203
6772
3375
2108
8009
3378
3379
6015
8344
5672
7772
9125
6847
1140
7934
6750
3389
738
396
3795
9554
4029
1294
1055
1885
7910
8487
8650
9208
8691
5442
3404
5720
8205
4352
7357
819
8977
40
7987
4433
1888
6457
9608
6979
8008
4509
482
442
3603
3423
3655
3189
7509
8954
9635
8320
8766
503
6374
5140
3434
3971
7374
5446
2985
3439
3664
2384
5336
2704
3161
1466
453
1928
1590
5805
8506
4667
3884
3453
7484
3455
4051
6656
2953
7908
6397
8103
6193
8351
960
3465
3466
5334
3468
2918
7983
8484
9131
3170
2652
3475
318
6955
3641
7730
7117
7857
2662
3898
6640
7109
8827
3487
3488
6582
2848
4518
936
5862
970
1015
3496
9039
1871
3718
4612
6740
4664
4323
8107
263
3506
2874
5448
4833
1385
2787
7806
8338
1676
8492
2919
1714
6138
5527
16
3521
3522
2863
7170
3062
8794
4077
9180
3963
2845
2618
6622
5583
8314
6624
3536
481
3538
3539
3540
4784
288
9019
6989
3545
3546
9275
5079
4515
9030
5623
6826
3553
9009
3661
3556
2373
115
6643
9190
1966
2914
4776
7020
8531
3841
9323
8435
4496
332
6296
7715
9589
9551
9786
3524
8902
3578
5236
4066
9122
339
1624
3584
4431
3586
3587
2689
6823
3669
5831
4228
5849
1729
7163
3767
4758
3598
148
2294
2089
977
7308
1433
3967
3606
2531
6738
3609
6385
285
8036
2055
3461
4260
920
8930
3618
3444
2469
1158
8792
5306
8680
7384
9721
4767
4165
2569
776
1029
5232
5350
7538
7262
4533
4531
5011
4105
6378
6343
8903
2943
4712
3645
3879
6494
5454
21
5457
3651
9372
6472
5240
1223
8950
7427
5851
9058
6479
2120
8327
5482
2966
2407
9681
3667
155
4369
6830
466
8079
8525
3674
6311
7408
8876
3678
3709
5565
3580
2536
3683
8323
3685
513
3687
3400
6347
4955
2736
3030
2463
805
621
1776
3697
5168
3341
382
1311
4070
997
9615
5264
1836
7978
7993
4941
5009
9926
8022
33
5048
353
7614
4265
8180
6978
8422
3784
7332
2302
8581
6846
1598
3727
9032
6153
3730
5367
1240
4203
7737
6727
415
7034
7288
3739
6245
5447
6838
1673
7394
1746
2941
3275
3748
2252
4288
9845
3752
3753
4048
4791
3877
177
3758
7347
1984
4240
3762
3559
2621
4508
5243
5450
7551
9157
1794
3771
7573
2498
2843
3377
6575
277
6765
2754
2879
1299
3782
5044
1979
2595
3786
4581
9115
9023
7118
3146
5265
8365
4499
5431
9055
1604
7646
8946
3625
9827
3134
4645
800
8771
8994
3925
4646
849
599
2352
3449
6663
5403
3815
8404
8214
3372
6496
5762
1688
7264
7055
1906
132
131
4186
3773
3829
3830
61
7781
293
1960
5197
3145
7045
4349
1179
9818
212
9697
3843
7965
6050
4609
3847
7084
8888
448
6968
3632
9610
3854
5778
5325
6218
6855
9261
7015
3588
3862
1740
4902
904
4626
5387
3868
3154
2067
7683
9537
5993
3874
3875
5974
1227
2398
6651
7939
3881
1192
7313
5501
9405
138
2088
9416
8944
6167
3681
3544
3893
7694
6980
3896
5786
2041
6144
5192
7132
8413
6878
726
8638
6593
777
8673
5883
5736
9760
628
327
5798
9127
3590
360
7716
8250
3498
3921
7341
3923
5263
5540
502
5280
7230
9779
6537
7560
7609
8202
9239
7766
3936
8263
3462
8438
2
2152
9620
7719
2343
2053
3946
3947
3948
6666
9063
5204
1135
1996
379
2066
7150
1440
3846
3959
56
5417
9129
8452
7334
5678
7010
7239
3968
2121
7979
3435
3972
7463
8417
6774
7328
9352
3978
3193
5710
6610
7883
3704
6693
8486
532
9441
9042
8927
1103
9217
8255
2043
4141
2036
6613
6187
4565
8813
3675
862
9476
2905
6344
431
5483
3532
998
873
3229
4011
2099
9749
4014
7657
6570
8386
4018
6987
5061
4021
4675
5728
3993
1237
6276
5708
6085
9392
1513
6035
548
1191
266
4035
6363
8134
8232
9857
1364
1527
768
4668
4044
105
3900
7063
898
1354
8816
2880
8057
1045
1302
6419
4056
534
4161
6795
6172
525
8026
7565
5988
6502
8221
4067
4332
7692
1813
7903
3870
6021
9870
4075
2639
6219
9461
3970
4907
167
3443
921
9176
7340
6075
5976
8483
4089
5231
4091
4092
3560
489
347
4096
8896
4606
9099
9479
6202
5586
9526
2867
3902
5515
3585
1218
2157
8675
4111
343
6206
5004
7961
8576
4117
2306
3796
4120
1474
1917
4219
3928
4125
2831
925
8558
6832
4130
9249
9123
9426
9733
3634
3407
4137
3489
3477
7615
3734
4142
4363
4144
9642
1621
1795
9863
5324
727
1931
4152
5520
3351
2181
3105
5064
4158
4159
9814
5407
96
1981
7465
6179
4166
98
4168
4169
3480
2842
4172
4173
3127
9856
1267
9918
2325
3620
3873
4181
4182
4962
128
1681
8399
8893
9101
7237
1806
4191
8415
2390
3612
4408
8016
4197
4198
7797
5459
4201
5410
8003
6355
2090
8236
3181
8467
8645
4880
5099
1861
3705
2591
6941
6359
4934
3733
9763
3989
6854
4222
5763
5227
2994
6143
1859
3048
3293
8456
9630
5300
4233
2489
4235
4236
2364
8302
3401
7370
3740
852
3984
6773
3951
311
8756
7101
1986
7627
36
1970
4253
1530
976
9422
4257
6200
6051
8482
4913
4402
4263
8298
3228
2019
4267
4268
4771
6195
6803
6211
3178
9457
2392
1690
2258
4999
5473
4330
4618
7864
1104
9364
4960
8476
7838
8402
3763
4290
9472
4292
4455
3831
4331
5854
9825
6601
2097
1788
7863
7938
3927
4304
4470
5635
9711
4308
4238
117
1663
6584
6573
1241
4123
4610
6511
2934
2517
6184
3493
1912
7290
7367
9421
7153
9975
4328
4670
3158
9165
3615
7057
804
3511
2334
4337
3507
9483
1335
9698
2841
1578
516
7198
4659
4347
5035
8679
2603
9668
8648
9637
4202
4355
4356
4779
7681
3031
736
1458
3990
385
4373
4365
3863
1616
38
4250
4087
1276
8195
2712
4374
4375
3131
4377
9276
4379
4380
6295
9802
3569
7189
7399
1021
9581
872
7171
5065
7496
8127
2635
4762
8534
8248
4397
8336
4399
704
6548
1031
3543
468
4405
3205
2519
3467
6253
1181
4411
2925
1926
6528
5962
6562
198
7874
1891
1764
4421
6696
9512
1402
8773
189
5480
7966
6586
5113
2336
9135
284
1301
7598
7693
4437
2443
5920
3352
470
4442
2008
561
2563
4446
3809
8929
4449
802
2046
4423
1323
7158
5235
2765
3353
214
4459
2606
6088
1422
4463
7305
6308
9024
553
1687
9001
8000
546
2713
3707
169
4475
6433
4477
4478
9533
1095
4110
4482
1575
1492
6594
1654
9929
5102
8593
3686
4491
8028
2281
4494
6257
9947
4002
3201
6185
4244
1548
9016
9326
4806
2770
6926
5787
2222
7814
7778
4412
5089
8512
6625
8045
6872
789
8656
7581
4003
7734
4522
6808
3255
6747
1468
2122
9648
84
3652
4550
5445
2901
4810
4535
6983
4764
498
1264
6501
7271
1320
2098
9293
1998
8286
4079
6503
6436
7599
4364
5425
8671
4554
112
4556
7358
9971
4751
401
4802
3089
4563
3736
3458
7850
1642
4568
3878
5837
1619
3871
4097
4574
2630
1415
8192
4578
68
4580
4101
5961
9283
7928
166
8891
6164
4588
4410
65
8768
4592
3906
3908
397
3808
4696
1143
1706
380
4601
1908
1348
6455
6532
1793
4358
9828
1208
4653
4430
5795
4124
6841
8844
4616
8823
1647
9045
4620
9695
9356
7342
4980
912
8622
6166
8229
3042
2233
4393
9315
5654
419
8841
8015
731
1484
1222
8006
4641
8061
7043
926
4868
868
7389
5620
4649
5481
6699
2396
7708
5145
4655
8572
595
4658
8859
1744
4661
8177
4663
5120
6876
5718
2895
6796
4669
1469
1897
838
625
3007
9693
2733
8392
9937
4679
6805
6168
2650
1182
4684
3623
8082
1504
767
4689
4690
2394
6165
4693
9270
8807
4597
4697
1279
4699
4700
2666
286
3104
721
4705
3737
2593
3611
8342
5293
3144
1710
8979
6763
8633
1300
7114
4718
2149
6125
6462
8855
5679
5462
5440
8587
815
7522
4729
9888
6151
6858
3647
4289
1893
4944
613
359
7023
7655
6531
2582
86
5561
1844
4746
8025
1807
3063
5022
7272
8798
5299
6335
600
7050
4757
8616
5507
4179
5627
9568
3245
6905
4765
4766
1485
446
3755
243
5609
8034
6956
145
5191
9759
8821
8750
9213
9644
1224
7448
4929
3899
1634
3427
1949
7345
9638
4790
4769
4062
8070
6645
985
3242
2719
3566
8886
227
5174
1561
8678
5453
6091
3456
6923
4808
8362
7255
9812
4812
9381
8311
4815
2488
2250
4525
8820
934
4821
8733
4024
5646
7717
4826
2801
3152
6597
1990
7763
4832
9302
1426
4835
6376
4837
8164
5914
4840
6357
8959
6146
870
3610
3265
4847
5593
6178
5007
9851
6954
8020
5404
4855
2546
4857
4858
7005
4860
5697
7424
8148
4864
4865
9726
1701
4479
3781
7466
7413
5257
7436
8530
4875
4876
6920
715
4879
7636
2124
7815
2751
2082
2579
4886
6710
234
48
5928
6627
9003
3761
6156
1841
7393
5926
411
6524
2886
7434
9358
4671
1370
614
7912
5978
9341
4909
9095
9979
708
686
7134
5754
7451
5600
1163
6418
1243
5411
247
1057
4924
831
4926
4927
1849
4783
486
259
1959
3554
6090
4935
2556
4978
3312
4867
6965
1412
39
4943
9502
5918
7483
3903
2400
1956
2726
5846
3411
4953
3294
9419
296
7032
7958
4959
7481
9798
4582
1870
41
3865
4966
6732
4050
6092
1542
4971
7554
7557
7900
9263
1234
4977
400
5063
7520
9963
5948
6040
4251
3014
3244
2184
9368
6609
4990
8578
4992
810
5951
5414
3268
4997
4998
3441
692
5001
5002
8836
9747
1881
3731
5897
6818
3710
9541
8432
8711
4652
9838
5332
2301
1098
3409
3677
9231
7508
3369
5397
7311
5025
2732
2631
5553
2972
1369
4082
7769
9782
683
4348
2825
1669
9717
4915
1607
5942
5042
5043
5804
4371
4256
5529
6939
5488
5050
3442
1661
2896
405
5055
5056
312
3591
6458
8727
5863
6105
1503
1405
6370
6866
4627
5068
2645
6431
629
6712
5073
4887
8912
8465
2054
5078
8315
2299
7977
5082
7744
5452
8446
8574
2251
7106
9360
5090
3503
4247
4032
5094
1905
4199
5097
5479
4923
4398
5052
1120
1384
682
3656
5966
5107
4691
9656
7562
3005
6557
8549
5114
3791
3676
5549
8431
4885
8866
6684
6890
5229
2523
7501
8231
3820
5128
2526
5130
1449
1971
6990
7014
336
754
9996
2200
6190
3933
783
5853
6356
5132
8736
7902
5147
1304
5123
9154
6199
9469
5153
8621
1649
2659
7545
4850
4208
4740
3624
7642
7820
5164
5165
5166
5569
5607
6414
5170
2607
3895
2478
5039
8294
447
8991
6687
5179
7382
4443
1421
7626
6725
3537
7457
5187
2978
8707
5190
6053
7790
7168
7733
6019
5196
4246
5828
2504
1712
5808
6038
5203
5255
7110
228
5509
8906
5209
1395
5211
8507
1964
3119
9756
1334
317
7503
2877
3234
9092
3163
5223
5224
5225
7593
6098
8588
7830
2377
1409
8755
1974
1442
8390
3579
9862
5238
5239
9516
7395
2850
3644
7192
5245
5046
9490
8387
1006
5250
7497
8917
7690
3006
1157
3558
3700
2409
333
2289
1248
6428
3924
3638
3792
9691
7783
8953
4633
5260
8735
1290
495
7962
3010
9984
2806
5278
9784
9631
3572
1000
2320
984
7263
5286
5287
7407
4828
857
10000
79
6506
5294
5295
1432
8725
4057
9298
2782
8459
7873
6249
3151
5305
7794
4713
5308
5309
3535
6251
2163
5313
9590
3962
370
3291
8790
5319
2292
6887
5322
5323
4519
6016
9339
8156
7856
3735
52
2476
2268
3964
4921
3495
3887
1858
1313
7373
2541
2716
2397
5343
8273
9820
3852
5347
7594
2881
8358
6822
408
6963
2372
5355
5356
5822
5189
939
5360
50
5362
2830
1747
1873
9136
7009
2894
5597
6572
5371
550
9632
5119
5608
5907
2928
4149
5379
5380
8911
5891
5383
7890
2612
4797
9187
3305
9879
5390
9028
5478
6599
254
338
5396
9078
911
2174
5400
7980
3320
2722
5088
8385
8376
4099
9343
9574
4439
1628
5412
9562
8017
5415
2503
1699
8920
2849
616
2465
1413
5423
718
1171
5426
6523
4362
8690
4033
9603
648
5433
590
4561
4912
3316
6267
5947
4725
171
231
3459
1265
5605
855
3741
5670
9699
8462
1328
8110
8854
3648
8171
9734
484
2744
4720
4112
5461
8284
2359
5464
5496
5466
9340
7456
3974
913
2073
1571
660
454
6362
2450
7293
2922
7590
2873
4435
2437
4226
5150
2365
1200
1049
1501
1544
4698
1852
2424
1483
2628
5495
6576
3376
6577
642
3421
7289
4387
2005
4604
5505
2344
5984
2106
7102
7379
5511
770
603
8279
4016
7527
5517
6119
5519
3845
9002
5522
1768
8265
2271
9881
9116
80
334
9785
5188
3420
6071
4473
1760
2677
5537
5538
5922
7947
5541
2676
5543
4558
2454
6072
5552
5548
3050
1439
7925
6404
324
5398
8219
5518
2539
3292
7051
5438
880
5562
7577
8849
8343
3250
6834
8847
269
9899
5571
9333
7571
7506
8175
2768
2837
8247
6089
7754
5074
8640
954
3994
3243
2655
8447
5112
841
5590
4702
9607
4248
1214
5595
544
8394
6596
8097
1011
3853
5602
5603
4836
9966
5610
9453
6352
7181
7090
2709
1825
1820
6814
7871
1156
8721
2417
1643
3280
9954
5622
8235
2192
3856
5626
6073
7768
6473
979
2647
4497
5633
9714
388
1600
5637
8348
5924
850
6545
9013
9399
2280
5645
2839
2141
8846
4381
5650
5651
4541
5653
136
5655
9791
8867
6736
2739
9338
2561
2690
8254
6162
5785
938
2544
2011
5669
9569
750
9563
9281
7365
9316
4282
384
2460
1593
4738
9081
1818
8042
7558
3759
549
4940
2995
4922
539
5691
7320
1486
5534
6754
6620
5859
6810
1494
5199
5701
7676
4000
9167
8712
7976
6857
6611
3099
6242
5711
3003
5338
9886
1285
6702
6006
462
9000
1821
6078
372
5812
4464
3668
2711
3074
5159
8636
2319
5943
8968
5506
5734
847
2480
9821
7124
8179
8335
5741
5742
5430
5744
5745
6995
867
1507
6116
8609
9893
2698
8554
3941
8276
5437
5757
9365
4863
3747
1496
6198
4015
3426
8853
809
9111
5768
4748
1058
2290
2308
3402
1332
2785
6233
3798
3332
2349
2116
7698
978
8371
5871
9436
3143
8138
5788
6550
5790
5791
6489
5435
5486
8304
7718
5797
6974
6766
8481
3054
5634
6958
1691
3953
9694
3819
5823
7644
5810
5811
3142
5832
5814
5815
4566
2511
1808
5819
6915
5821
7162
1451
1231
5873
4651
9872
9482
9038
9385
2952
9738
7249
374
6358
5809
3680
8563
1629
2070
5841
2383
6539
8527
3091
4951
5858
9355
377
5029
663
5641
5337
8011
3016
5856
6287
2619
4861
5860
2092
9103
1141
8290
5730
1809
5867
7364
99
5769
2955
4730
5825
4452
3604
5096
8272
7091
4521
5880
5881
2453
391
2663
7803
6504
6052
9310
6617
5327
5349
5892
398
6150
971
5950
1390
1843
5899
4200
5528
5793
3600
4572
5905
6992
1748
6733
1410
3630
3992
4329
7274
2007
5915
5916
1638
7998
8319
6605
1445
6801
236
6929
1545
3922
315
1287
2065
9297
5931
8504
4807
1557
3541
9153
5818
699
2585
8518
7438
4625
2414
2143
2441
5946
5439
9067
6209
8065
5275
8377
4301
598
5955
876
4492
8053
564
5960
9070
5014
5468
6382
6313
2956
3779
2788
5969
6348
5980
4981
5375
7115
93
4424
9444
4160
1625
5027
29
113
3325
8804
2140
4866
2701
5773
5989
9956
6366
456
4234
9858
5995
5100
5997
9619
43
3130
7071
6002
101
6942
6005
9161
8441
6029
9958
2393
6229
7817
2530
282
5037
6101
8375
1106
4969
274
9209
1641
6023
2139
6025
8776
6027
9948
967
1162
5767
9742
58
9908
3672
7622
3166
8354
6039
8153
7579
9528
3552
6044
9428
4318
3019
2033
2629
5427
4925
8785
1547
6054
4468
8775
6057
4278
17
510
7568
1882
451
1059
5753
2766
2223
3077
6069
3454
3384
5596
2191
7312
450
8115
9957
5743
7285
3696
6081
5494
6083
3494
6173
8628
3347
1569
7490
2240
7757
3864
6093
9672
9402
8307
6097
1876
3607
3726
5940
2836
69
2864
7500
3800
5727
1815
9659
90
3817
6112
6113
7915
9076
4945
406
8832
6310
5971
3938
3804
7410
219
2473
8451
8066
412
1942
6130
1444
6788
2937
2361
6135
631
3348
114
9914
6892
9256
4789
7235
8871
2992
8339
5750
6960
4952
8500
6638
7316
5694
47
593
7437
1246
7452
526
5351
8777
6349
6163
7104
2796
6544
7196
3220
520
3892
6755
9895
316
126
6933
3448
3901
5213
8877
9794
5719
9148
8714
2003
4017
7628
1763
6340
6274
1677
6191
6612
3239
95
5015
681
3692
4602
8260
3790
8872
2578
8865
6204
4503
4772
690
9286
8285
6210
3717
4644
7343
4426
1306
2242
5413
3857
8197
7146
6009
6222
7880
6224
2314
9657
7165
5664
9363
2091
116
1459
901
44
6235
1879
6237
9311
4672
6282
1872
5126
2187
9538
6547
4237
7662
675
3175
2385
9282
3660
6380
6485
8983
6256
9575
6258
1851
1325
5576
6262
9292
5252
6265
6708
9407
7024
6469
7317
6271
6272
20
7570
8282
60
2138
118
6134
6280
186
6697
4053
8041
6285
78
6230
8199
6289
6290
6986
1737
6293
3102
9487
1196
9289
180
6299
6998
4903
457
6303
6700
7375
729
5764
6675
8216
3689
1639
7780
3982
1880
9089
9599
6317
452
3940
1177
6321
7904
9175
6324
6325
5982
4133
7710
761
3824
6331
9728
3200
273
6800
9525
5418
703
367
8503
9585
645
6848
9595
6345
2224
350
301
7666
6350
5820
4302
7193
6354
5091
8670
2602
1443
4394
6360
7760
3413
6600
3329
4547
551
5629
2305
5104
9614
9096
8658
7242
6149
1738
2853
3662
4271
321
5233
1857
1822
6383
6384
9080
3929
7574
7097
6389
1853
8478
6392
4639
6394
6395
9462
9824
3769
7853
6400
7352
927
5712
1623
6405
8806
4221
7767
3345
2529
1259
6412
3430
9166
6415
3932
9222
830
7157
5476
8746
8873
5487
1609
6468
4315
5524
265
6429
9279
2833
3557
1479
2228
6435
6686
9549
162
2113
6440
4536
7396
8969
6635
6445
5127
9226
2644
717
6465
6688
9257
6453
8427
8222
6063
8713
2799
3766
2884
4708
1521
6463
9884
6096
562
9361
4215
6269
1345
6471
6475
7572
9254
5994
5241
4025
1725
1122
6513
3907
5469
6735
7361
6254
1066
4723
6879
6653
1633
8213
2897
8367
4052
6495
1596
6497
4714
12
3806
3140
5217
5304
3338
7528
7996
1197
2971
7748
6180
8135
7688
8393
6873
9499
205
1887
9830
1173
8660
4357
2499
9160
9762
6525
9741
7295
9712
1890
6530
9124
3457
556
6534
6535
1009
2577
6538
5101
1735
7505
2183
4129
4049
2822
8730
6709
3247
6549
1062
835
6552
6759
2547
1131
6556
9667
1441
8974
6560
6558
8772
1583
6564
4383
8244
8914
9700
6569
990
9678
4628
1024
3272
7867
5151
6
1894
1233
6567
3333
2821
5283
4877
9855
6033
8521
552
4425
1948
1724
8267
4603
9653
9162
5598
4829
1752
9098
5207
3153
528
6603
6604
6676
6606
8453
1457
2885
8291
8984
6674
8791
4813
680
5874
2702
6618
3073
3179
6026
3957
6623
2340
8537
6626
8261
72
6500
9489
7154
7793
5666
6634
6234
6448
2111
7122
6639
4211
6641
7981
248
6644
6649
610
5259
7517
7641
3236
183
9331
6281
6012
6655
8018
2968
2410
6659
6780
7482
2915
1579
4484
6665
1371
6008
3354
883
3934
9848
6672
6673
3966
4465
1632
6004
6678
8834
623
888
6682
7702
3210
6685
8251
3418
5386
5716
7515
6691
1281
102
9753
3777
6408
5393
948
7956
7673
8046
1660
9486
8326
1229
6706
5957
1461
5612
1565
7327
2643
9532
6714
3075
9474
1771
2989
1003
7566
2137
6722
7494
1209
536
8206
7089
6476
6729
6730
7464
1683
6118
1097
483
3317
5251
5320
2323
6099
414
6742
4539
4622
5405
6746
4280
6748
2660
5667
1588
1570
1125
5219
6881
6756
3725
8185
2058
3635
1867
5156
4451
8824
2278
9301
6767
9501
2866
2275
1069
2720
2231
3194
6425
1488
3787
7498
139
6657
5181
3326
6328
8652
6785
133
4512
9324
746
9719
6791
9906
6793
7383
6401
8555
6769
2616
4636
2109
9234
2911
725
279
8055
9816
6807
9202
6809
6899
7835
3156
8086
1584
6705
5158
6817
3106
6160
4820
4878
3078
2762
4510
1420
4805
635
9445
204
7638
2979
9545
6833
294
1230
6836
7266
5594
9471
6117
2339
9643
6843
6327
3289
144
4259
6698
9440
3574
6851
6852
4493
2794
5748
4040
3266
3302
8948
3822
6762
121
5574
2860
9701
3918
8485
6868
474
8897
5900
2270
9173
9371
3671
2358
5751
5840
2814
6880
7569
6882
9650
9146
1845
6314
222
6888
5485
1180
8099
2803
3111
5556
170
6896
1161
6898
6332
3594
7147
1694
6903
9473
3162
9251
6231
9060
3287
6628
7893
8048
9478
6914
8230
7205
6917
9836
8120
606
6227
1368
3182
2949
6442
4098
6909
3754
4490
6232
658
4559
2131
6934
9247
5172
5103
4579
6860
7659
439
6677
6943
1734
9602
6946
6936
5329
1355
7488
6951
655
1110
2068
8915
4340
2283
1286
5041
9334
4709
720
8895
7058
8817
6396
8155
4590
9335
6970
6971
2818
6460
2118
6975
2980
6977
9049
5206
2039
8627
206
4094
6984
6985
6856
2495
1363
4680
2882
6991
1558
3701
3975
5215
6996
6060
9878
8275
1559
2559
3335
1954
7004
3258
7238
6454
7008
702
7624
6902
6591
2707
5115
8090
3136
7017
6520
261
7431
5117
3997
7052
6268
1160
3033
3548
2175
9874
1800
7724
2608
5843
2553
182
3027
7037
8885
5842
1008
8359
7042
8904
9873
7397
8259
9494
7048
7049
2069
7378
8623
7053
7531
907
9215
5680
3869
8560
654
7061
8154
7945
3412
7065
6284
9510
8317
4140
6076
9203
8380
4485
8131
7075
5085
217
6875
237
7080
5161
421
2592
1100
7381
7086
2642
7088
1715
3816
9983
6897
4417
2656
7941
7738
6895
1850
7099
3419
1993
4849
4254
4217
7827
7829
7107
6583
91
6432
890
9860
3602
2433
2434
1797
1258
1374
1013
9053
4069
5956
9252
5738
5302
8774
2681
1689
7129
7130
4500
4638
5185
9295
9682
7630
7225
8183
7139
6692
6413
8368
7529
5575
1707
6220
9974
858
9451
8227
6565
7152
8913
4732
358
7156
7784
643
5533
537
2783
7555
4145
9386
8548
8544
3002
1128
4985
2888
1563
7172
200
9100
8741
7176
1670
5695
3825
4593
5661
653
3501
573
5038
2900
565
2865
3039
7190
7191
5747
594
8514
7195
3037
8759
5133
7199
8208
2207
1052
7203
501
5703
7206
7207
2030
4291
1251
3261
9931
193
7214
6831
1427
8437
7218
7219
7220
5876
6761
1482
7224
1901
9629
9350
8442
956
5885
6406
6421
9159
1186
5844
3961
7954
1615
3832
9507
1164
7798
7635
6129
7741
5766
908
7248
2718
7250
7251
1268
9869
283
9723
9949
3886
5835
5550
8074
7261
5865
1037
604
2170
6739
1428
4241
7269
7270
4192
3952
7292
4587
7275
991
2688
8605
9037
8857
7281
1674
6825
7284
996
4919
4047
4293
8310
1791
839
5246
2749
7294
7400
7296
6669
7298
6208
5952
4164
902
4727
7304
6217
7842
7802
1041
5817
7310
923
6074
5262
7663
64
8978
5986
6270
5909
4262
7632
8378
670
7450
32
8152
106
9669
875
9704
7331
1018
4283
9412
7335
9519
9287
7338
7990
3056
2093
5268
7210
487
833
77
3999
4114
9238
5700
8672
5470
7353
176
9809
7460
7643
8068
7359
4167
3723
441
4598
696
6588
3203
460
2887
7430
745
1969
9559
8501
3937
3257
2500
7899
355
8604
9005
2670
7896
3397
4343
9522
4586
404
4534
5525
5536
5382
4107
824
4630
3314
1900
3981
7318
8883
9393
7401
5266
7403
7612
7405
574
9404
7999
1790
3222
2551
2947
7851
475
6264
5674
6020
1099
3872
5585
1508
3745
7423
3469
7425
4546
4983
2153
7429
8308
5326
7432
2982
807
7435
8062
1909
1102
6181
9622
8004
7442
2638
7687
7445
3064
2179
8988
6147
6259
1510
1001
8007
3643
9141
9578
5230
8698
4242
6516
7461
4987
1517
2287
4157
9835
9686
1529
5886
4637
7471
7472
2641
1840
7475
2330
3653
3840
5108
7480
2154
3410
9916
5062
8157
7362
8898
6907
9636
8716
3452
8105
7493
1201
8838
8589
5878
9434
8740
5563
7512
5026
2802
7633
6741
1722
7507
1500
9110
2345
965
5391
6792
46
4367
7371
2907
6369
6126
1599
8021
4019
9561
2793
2738
4589
4447
4090
9859
7530
3225
4917
8306
2622
4677
2581
9628
4706
2668
7540
1856
6152
7116
7544
203
2570
8228
3996
4526
4156
1303
1282
7553
7777
7707
6131
5830
2313
3044
3931
7561
5110
7444
665
6493
1667
4750
9452
3124
8005
7762
9357
2524
149
8842
6790
7128
7578
820
5662
8210
5354
7583
7105
3577
5898
843
6483
7589
271
4984
5508
8313
3926
7837
7044
7597
9852
1133
9720
7601
7556
1835
7604
1081
7356
7607
1027
8720
7516
7611
9673
4728
3438
5057
3167
2491
1170
2395
9425
1553
9768
6514
4008
9181
1765
7213
5572
3988
7282
3813
1934
4747
4385
5591
2464
6037
9107
7639
7041
7072
5845
9990
2267
9337
2255
1436
6464
1708
7650
2144
8808
3885
7654
4269
5904
7166
7861
9319
6913
1411
7221
2750
6950
7665
9330
2567
691
3629
5095
1403
81
3460
8738
1601
5702
5532
3764
4483
4982
7525
7682
5012
8580
7685
4471
8407
9500
7689
6297
7691
5559
2976
5875
1271
7696
3313
1728
7699
7700
6900
2015
7703
2333
7302
7706
7672
7081
7709
9390
433
1833
5000
5071
4081
5777
4569
6574
5124
4754
5208
8321
7723
5923
7725
2447
8325
3523
4687
8469
7731
5105
2197
9155
6120
4480
8172
9325
7241
7804
9414
4486
4388
3958
3388
218
8566
9531
8054
5686
368
6521
7346
187
7755
3505
4946
1040
3331
181
7761
2637
2155
9383
4427
341
3751
3721
2590
4881
9571
111
4344
8801
798
7776
7325
5277
4345
6466
7462
5083
1108
7967
26
2297
7787
4326
7386
6216
7791
8511
3904
4615
458
5125
6061
8419
922
7800
6273
6255
674
3330
7805
3512
9685
7421
9876
2216
3960
7459
7866
3070
3191
7816
1684
8502
4513
7712
8916
1329
4594
803
2161
7826
2265
3722
8606
2380
7831
7832
6509
6543
2984
7836
741
3570
1043
7840
7372
3472
5660
27
7845
4994
2805
4567
4068
4537
4372
2829
9458
2458
4476
9102
3481
5402
9885
7860
8541
4458
659
3295
9344
3392
1154
1379
8001
8590
9866
173
7125
6782
5526
1398
4506
7878
8964
7625
3227
5782
8383
7882
8288
9026
7887
4121
568
5384
884
5010
5184
1038
8517
1472
7402
8734
4175
42
9379
9243
4634
2548
9266
5030
1194
9939
9771
1343
3085
9031
7913
3499
3930
7916
63
7918
184
1007
9152
8146
7923
6931
5358
9373
7927
9831
968
7930
7931
7932
6541
9192
5975
7936
9553
103
5589
7940
7095
7942
5075
3969
8998
7946
4207
9764
3772
6668
5884
2076
3654
8014
9374
8151
2178
8958
7959
7960
5581
753
7016
9567
9580
4190
7652
7968
6840
4782
7971
9108
4453
9961
8723
1953
3282
1452
3883
6446
6642
5935
1586
9560
2513
7222
8993
7988
8615
7339
2221
2935
7756
9998
6794
9466
7587
7064
2996
89
4643
9158
507
7441
1168
1927
8147
9370
1404
9529
8663
221
3788
7949
5688
7280
2239
2167
6426
9164
5288
2772
8098
8024
7299
122
6109
4324
2728
2129
5681
8032
8033
5895
2807
2565
2484
1084
8039
2658
3290
3357
3199
8971
8529
5297
3640
7991
125
8050
9223
8052
8122
3416
1310
3061
6304
3355
8059
4065
6013
7771
5364
7468
2962
2661
2669
7260
3081
4793
5765
4896
3297
5458
1074
5806
4489
7149
5696
8080
8637
7068
647
4153
4414
1944
4798
2237
3561
6799
7943
8092
993
8084
8095
8096
4396
9467
2781
8100
5084
7728
409
6615
7492
7278
3504
4571
8109
9837
9413
3529
8196
8731
5333
5031
8117
2461
3110
9924
9401
651
2764
3527
8125
9850
7140
8128
8366
2558
3514
211
4434
9077
7786
8136
5577
4031
1298
8140
8305
6964
8143
2430
8145
5803
295
4210
8149
4041
1726
9378
8121
3311
2721
4185
2013
1700
6066
3485
5930
6844
6351
1866
6948
7848
9431
8168
8878
2743
7491
30
8173
8174
2412
9456
4662
1005
2326
7433
8283
4904
8830
6484
4139
8186
5212
8123
8189
3690
298
2214
2165
6701
2948
6837
4229
3803
2234
8799
8201
3433
4064
8701
8952
4543
5020
9178
18
6865
3026
4118
1263
1631
3943
949
7185
6278
7160
9069
5933
2475
9052
1626
2048
3367
6243
3408
1767
1551
1792
3807
239
8395
7576
4823
389
8212
5021
3563
2156
9875
723
6566
3185
8246
9732
4036
1651
5122
4456
7144
8268
8697
6916
8256
1312
4721
7046
8653
4800
8262
8694
560
6402
8266
8297
8765
1075
3834
2042
4760
7178
4775
3113
9044
2428
3383
3224
7564
4910
4277
3428
5144
5523
8430
8797
6633
3682
1816
2771
9137
8293
969
1491
4440
7714
9612
8299
8450
8412
425
363
7391
633
7533
6690
8258
8739
3299
426
8312
716
2598
381
8316
1716
785
2651
3525
1394
2614
2892
5755
7727
6704
7085
4177
8329
8868
6443
6379
6171
3237
5171
2816
6169
8071
9725
8381
9126
8347
9423
8289
8649
8346
57
8292
7785
8350
8281
6783
5685
4928
4403
3303
5570
2312
2620
5789
688
1686
5419
7973
3793
7229
706
2832
9177
8370
5783
9264
7658
5385
5344
6459
262
522
4361
8436
4591
6364
1278
8384
6745
2421
652
8388
4174
5432
533
7231
3230
23
4575
349
8188
8639
5477
5328
8401
330
6797
7870
4841
6650
6301
8408
8072
9523
8769
4734
9004
6806
5234
9811
1695
8418
6940
7151
8421
7254
5290
5628
85
7145
1147
5472
1130
4136
2759
9097
8433
1446
7417
7985
1755
7818
8439
4205
7948
1576
3719
891
8445
1903
8780
6775
3022
7559
4932
860
5141
801
6223
9056
1216
6683
7179
5648
6919
9022
8463
687
3581
8466
4608
8468
8571
6241
8471
6240
5996
7726
9573
2229
1704
7595
9671
9430
59
4034
4088
7495
8496
3582
6307
8488
9544
808
2248
5493
2445
5032
2710
5838
2096
3463
3263
3679
2472
6999
4209
2081
6086
2970
8187
5665
8509
8167
6498
1829
9703
1761
9853
846
252
7033
1968
7265
6587
828
1111
2100
7649
8526
9903
2193
4113
3882
5721
8532
7678
7669
3775
4413
7244
1023
4037
8425
8373
9497
9205
848
9757
207
5599
477
8225
4816
8551
7972
6377
5839
7447
8809
5934
3188
6760
931
4176
7722
7586
8618
8565
524
8567
8568
8569
1235
9980
2135
8573
5173
5198
7273
1119
213
6266
8782
818
8582
4469
8584
3614
4061
4722
7426
6812
5888
5726
1226
4389
5963
8595
8596
9007
8598
5760
5699
7329
4852
8603
7458
8936
7919
8607
2322
6784
3915
3253
9715
8599
7001
4938
1896
5339
9442
9514
8620
8449
9014
8825
1946
7215
8626
9285
1253
2575
8630
8631
4995
2246
2369
9817
7286
946
806
6161
8550
4239
2468
9015
7279
6188
191
8647
5802
9242
6886
2760
7142
7812
7779
5444
3491
3395
9091
8659
2346
559
8662
1034
863
8719
4947
7469
5887
1497
8119
2218
1260
5303
8882
7801
3008
8277
82
1284
6337
3011
8682
8683
6024
6478
8686
2617
5
1025
7901
7087
3267
8693
6945
8695
8696
3743
1480
8699
9627
364
9012
6467
8523
233
8706
3633
7236
4307
2130
7309
5705
1149
5912
983
3133
1602
8718
8692
2348
2634
6885
4916
2906
2353
8726
4071
6194
8729
6546
2857
673
1257
5551
1898
6505
8360
9736
7336
4407
7398
3315
3785
8744
4054
3693
9576
2964
9182
605
1438
541
8753
2969
4891
6787
8757
1388
7704
8760
1985
8787
9600
2260
6065
6014
2367
4076
8411
7420
1741
1515
6589
230
2778
2975
4755
6529
2494
7868
3670
7994
1228
8784
8960
1319
104
1524
4711
5663
695
2708
4623
3888
772
8796
2060
5937
7770
975
1543
2600
1342
9448
6079
6336
9755
8818
6652
6411
8811
8428
579
8987
9140
711
7660
4204
7729
6515
6007
9199
9128
304
2795
8826
7933
8594
8829
1929
9796
6492
8833
5315
8019
1627
8810
240
8839
8519
9597
5746
8843
4989
2627
6410
9420
8848
7486
4042
577
1522
4195
4683
4642
2812
3366
6717
430
1275
6935
2282
8863
1923
73
955
1864
8374
4822
2574
7440
5981
6953
1743
1784
8831
1753
2293
8934
8880
5484
3626
2132
8884
7038
2439
8129
2550
7177
8961
5779
232
7885
8610
1751
1132
6870
7040
5006
4834
8901
6226
1680
1698
6798
1357
5707
7567
2573
8139
4028
7502
6758
4939
3216
4084
303
1613
8907
6579
4218
2356
3211
6829
6000
2196
3226
429
4448
5558
1692
9941
7675
9978
8935
7799
8937
7810
8939
6671
8941
871
9834
4354
8945
5632
2136
4495
8949
7036
8951
4072
4504
278
760
8788
300
6770
2687
2927
1247
3032
8963
8379
3391
220
9605
5813
3712
8970
7183
1448
9132
9268
2304
7524
7950
1042
3821
8980
8981
5080
5226
5722
6720
705
8708
7671
8989
2017
6477
6062
588
4801
8995
2899
92
4703
6390
7664
506
4498
582
4298
3107
766
6139
9008
8240
9010
3828
7821
3565
6070
2363
6487
9017
6636
5910
4516
9021
5376
4552
3666
4404
7886
5202
264
6571
672
3814
9318
3749
5369
9105
9036
6084
7825
1414
9040
4538
2981
9043
2870
2798
2199
9047
5201
816
4557
9006
3084
5111
2993
7119
5866
589
5781
3476
9743
9061
5195
3950
9064
9065
3497
3249
9068
8220
9034
7030
1766
6080
3274
9075
6115
8542
9259
5449
762
3160
1425
9464
9406
1165
5801
9087
8546
7929
4384
9106
8010
4540
9094
4851
6371
7631
9147
8861
8668
4621
7159
6619
9104
9731
6667
2145
8552
9902
4030
4726
1429
5077
5465
7202
9463
1533
8763
7617
9120
14
5228
2026
7392
3415
7233
4523
9930
6679
7247
4839
9564
6863
1828
9917
7550
2226
4647
9139
7575
4657
4230
4900
4416
2847
8012
3770
6182
937
9033
2244
6724
9367
2961
9206
4882
3306
9839
9460
7739
5717
1004
9163
5138
8477
1082
3273
9168
8661
5242
8089
2318
2774
9174
2549
3157
2201
7470
7809
3121
2875
9515
9183
51
7740
9186
9778
9188
3778
5273
9191
7591
2913
9194
9195
1322
1072
6192
8423
9200
9201
8169
3288
2342
9907
6839
7240
5964
5455
9210
5759
8238
267
4975
9773
2572
1434
9218
8962
335
5346
1612
9883
9224
9225
3549
5794
9228
9229
769
5365
4897
5796
129
6387
5049
7062
4749
9397
2338
1611
3562
5146
7127
2064
9246
2315
845
7753
9250
575
3534
9253
4093
9255
1608
7637
9676
924
5491
9897
2680
5615
2285
6326
2418
9267
5770
4297
4694
9271
1377
895
9274
3547
6196
3639
9312
9674
2769
1064
9156
8858
9204
9943
9314
9922
9288
3029
1070
882
2696
2735
900
7834
1636
7267
8170
4368
9536
4548
6949
756
1997
2695
5514
9842
9308
7054
4529
6238
9864
6592
467
1050
5675
2455
5836
7123
8840
8182
9322
2366
8717
4083
5929
1697
1988
4844
3300
1153
9072
4846
3637
6969
9336
6011
5149
6365
8975
4949
361
491
7865
896
2898
3114
7489
9349
4243
9962
9977
1846
9354
2777
6744
1178
9617
2368
5800
4321
8910
784
9804
2027
9366
5774
7897
9369
7035
4787
4632
2686
8922
9751
7131
5269
1658
194
6707
6316
9382
151
1556
3826
9871
5894
7833
5237
8334
1916
4551
4306
8324
9952
3218
1151
8328
8494
9400
9542
7841
9151
2413
9813
4441
2515
9408
5399
5019
9411
4811
8657
6595
7013
4650
2753
7138
4549
7083
490
4162
6189
4993
7523
4968
8165
6045
3508
3987
7406
5316
9433
6778
9435
3382
8023
7182
9439
4686
2834
2800
9443
9475
8398
1899
9066
4854
3698
9450
9774
9566
4505
5163
7855
9498
6306
1731
407
244
4078
4731
3386
9083
7647
5639
1375
7532
8928
9470
933
1219
5040
3550
1827
677
9477
2286
3797
9480
8345
649
7795
4888
7846
5281
9492
5456
9769
1174
9491
9846
9493
437
9945
1210
4287
9211
9403
9085
1779
4488
7174
5321
9505
3711
7548
9696
3513
2307
9511
7031
3060
3098
1333
9429
9517
554
308
8973
7092
4963
8410
4613
4507
7380
8890
4570
856
6424
3510
154
6608
8815
5276
1830
8754
6244
2958
7732
3393
5116
7307
8181
1666
9598
9547
3756
6437
9550
1838
1534
9997
4001
1113
1493
6932
8301
7188
1930
8577
4614
9417
395
8805
4409
6804
4688
7984
4009
2693
1490
5154
3072
9898
3206
2254
6743
6030
4445
5877
6409
2376
9663
7618
3254
2683
1662
3573
2780
9584
2337
661
4818
2520
9596
9427
8075
6607
2347
1136
9237
1255
9604
748
1280
479
6338
3304
4970
5059
1801
1076
3277
8724
5758
9905
788
2790
8613
5973
4617
8043
3789
9625
9626
9198
4656
7226
6482
3810
2186
9633
4599
1068
4310
1470
3180
9639
3217
5372
3526
9928
4780
9645
676
5592
1978
2727
6883
9651
9652
7952
5067
9655
4095
3486
9658
6664
638
570
190
3601
6967
5668
9666
9029
9387
120
5588
2107
4892
8490
2203
4973
1105
9677
5051
8965
2483
4466
7602
5451
7344
9398
2826
9606
9688
5643
5271
5939
9692
6225
842
2379
5879
2419
6068
9079
3066
4870
9025
7283
1283
9705
8498
9410
7521
9233
9170
5903
6157
2401
3592
2828
8104
1418
5657
2050
1489
5210
2775
6491
1033
4311
9793
9262
2516
325
9985
8601
9588
2997
1932
9735
9557
7103
2245
6082
2279
6621
6032
188
7133
7390
8655
2378
9748
6602
9750
9375
9752
2212
9754
7301
3371
7319
9758
5927
4085
7276
5289
9377
2405
159
3036
1975
6250
386
9770
8732
9772
7056
7025
2502
8406
4059
2852
6046
4874
3425
5220
2883
5279
5941
6654
9787
6859
28
6239
3373
4735
3197
959
9795
7180
9797
8356
4685
5624
6393
4382
3839
3068
9805
8684
175
3447
9118
9810
8789
7736
9800
797
9815
2840
4258
3221
9713
7862
2810
9765
9320
2038
164
6629
9909
9880
9783
5247
3838
8166
9833
3137
4964
5954
8063
8982
4281
3015
9841
2936
257
6111
9307
2474
1937
3310
9849
8126
1921
7749
3703
444
6585
445
7859
3935
4333
1464
9861
9418
840
9278
7920
3757
9867
9819
2328
4074
4212
3405
7536
7875
3321
7922
1408
2954
2423
6106
6212
3324
8223
2725
5291
5547
4178
4155
6867
9890
9891
8233
9558
6252
292
7453
3284
9388
2691
9900
8709
7175
1169
9904
9260
9248
5824
5573
1717
9910
7670
9513
5868
2724
9915
8085
7750
2525
7606
9710
9921
6248
9718
7986
8190
7854
1199
6731
2862
432
4353
4763
1020
2731
9935
34
9084
9114
9518
2241
134
9942
3278
9520
6819
7997
4444
4481
905
7992
9951
4454
7330
7907
9955
9959
6927
1475
3516
5129
5584
5352
473
1195
9965
3360
2959
8553
8889
515
7066
4038
9973
5606
3732
8035
5092
5420
4911
4824
9981
3285
6581
3695
8540
9986
6680
3837
9934
2763
5689
3385
1594
3120
1709
4086
3823
8144
7443
7546
